Date,Open,High,Low,Close,Adj Close,Volume
2001-01-01,16.062500,22.000000,15.500000,21.590000,9.591613,3215300
2001-02-01,21.590000,21.590000,13.500000,13.800000,6.130815,4157500
2001-03-01,13.550000,14.700000,11.510000,13.360000,5.935338,2646000
2001-04-01,13.460000,14.000000,12.560000,13.630000,6.055290,683000
2001-05-01,13.450000,14.740000,12.000000,12.210000,5.424438,1290800
2001-06-01,12.210000,13.950000,12.060000,13.800000,6.130815,1044900
2001-07-01,13.800000,15.500000,10.500000,10.500000,4.664750,1342200
2001-08-01,11.100000,12.670000,10.770000,11.300000,5.020159,2216400
2001-09-01,11.400000,13.200000,10.310000,13.200000,5.864257,1957700
2001-10-01,13.000000,13.010000,10.600000,11.270000,5.006833,1984200
2001-11-01,11.170000,13.000000,10.760000,12.850000,5.708766,1347100
2001-12-01,12.750000,13.670000,11.820000,13.150000,5.842044,827800
2002-01-01,13.200000,14.460000,12.950000,14.270000,6.339619,782700
2002-02-01,14.220000,14.280000,12.810000,13.550000,6.019748,476500
2002-03-01,13.650000,15.830000,13.250000,14.600000,6.486225,934500
2002-04-01,14.700000,15.590000,13.550000,14.450000,6.419585,582700
2002-05-01,14.400000,15.300000,14.010000,14.650000,6.508436,516100
2002-06-01,14.550000,14.790000,13.000000,14.600000,6.486225,1088100
2002-07-01,14.580000,14.580000,8.490000,10.150000,4.509256,2590800
2002-08-01,10.220000,10.400000,9.600000,9.700000,4.309339,1841600
2002-09-01,9.650000,9.900000,8.180000,8.370000,3.718473,534300
2002-10-01,8.380000,8.870000,6.760000,7.920000,3.518554,964800
2002-11-01,7.850000,9.020000,7.750000,8.700000,3.865077,699800
2002-12-01,8.650000,8.990000,7.600000,8.050000,3.576310,503300
2003-01-01,8.010000,8.600000,7.950000,8.090000,3.594079,507900
2003-02-01,8.190000,8.370000,7.850000,8.300000,3.687374,355400
2003-03-01,8.350000,8.450000,7.590000,7.660000,3.403046,989100
2003-04-01,7.610000,9.200000,7.430000,9.080000,4.033896,483400
2003-05-01,9.040000,10.300000,8.850000,10.180000,4.522585,278500
2003-06-01,10.150000,11.070000,9.100000,10.290000,4.571456,459600
2003-07-01,10.190000,10.500000,9.100000,9.810000,4.375116,583200
2003-08-01,9.810000,10.410000,9.150000,10.100000,4.504453,301200
2003-09-01,10.100000,10.850000,9.900000,10.020000,4.468774,491100
2003-10-01,10.020000,11.250000,10.020000,11.190000,5.010581,231900
2003-11-01,11.240000,11.900000,10.800000,11.520000,5.158345,353800
2003-12-01,11.580000,13.830000,10.880000,13.100000,5.865826,456000
2004-01-01,13.110000,14.150000,13.000000,13.310000,5.978395,440400
2004-02-01,13.230000,13.840000,12.400000,13.550000,6.086197,423200
2004-03-01,13.590000,14.480000,12.350000,14.450000,6.490447,422800
2004-04-01,14.400000,15.440000,13.720000,13.760000,6.199096,526300
2004-05-01,13.840000,13.900000,11.500000,12.140000,5.469263,2967200
2004-06-01,12.140000,13.590000,12.100000,12.750000,5.744073,3531700
2004-07-01,12.700000,13.200000,12.130000,12.710000,5.752261,1096800
2004-08-01,12.650000,12.850000,11.150000,12.010000,5.435455,969000
2004-09-01,11.960000,12.480000,11.650000,12.220000,5.530499,1122100
2004-10-01,12.240000,12.940000,11.800000,12.400000,5.640041,1223300
2004-11-01,12.450000,13.470000,11.400000,12.000000,5.458107,4045000
2004-12-01,11.920000,12.280000,11.260000,12.130000,5.517238,5546300